Global Illiteracy 1986 - 2016
1.0
0.9373688721021236
0.8753399562292052
0.840907217872016
0.8065057212835627
0.7918544090484778
0.7620529935808935
0.743527702022474
0.7227066791131003
0.7005034772627248
0.6728383523953014
0.5854982173339027
0.5040455397257937
0.4697690102122878
0.43854340101126343
0.4326484024413828
0.3791355618051062
0.32550098600099386
0.24393088243452965
0.2296243069579189
0.21280653965630836
0.19398498994607571
0.12845915057940105
0.11543456492335746
0.11080970584797423
0.11468476247367954
0.011658027599408927
-0.0027099541123060122
-0.03210738119105494
-0.05057449842148287
-0.06908686235146055
